0.146476 -0.599673 -0.786725 459.469074 -0.181696 -0.798082 0.574501 -200.266083 -0.972384 0.058794 -0.225858 571.423155
0.160906 -0.569533 -0.806066 422.729047 0.140422 -0.795189 0.589878 -178.386516 -0.976929 -0.208105 -0.047976 553.404088
0.055529 -0.470681 -0.880554 430.484052 -0.120607 -0.878619 0.462041 -195.376479 -0.991146 0.080544 -0.105556 627.470403
0.122970 -0.499166 -0.857736 470.581120 -0.098149 -0.866176 0.490006 -183.740788 -0.987545 0.023929 -0.155506 565.997319
0.077375 -0.521655 -0.849640 412.650078 -0.017146 -0.852765 0.522013 -155.973644 -0.996855 -0.025823 -0.074927 585.117198
0.138930 -0.598549 -0.788947 435.837059 -0.196315 -0.797509 0.570474 -160.282278 -0.970649 0.075626 -0.228302 563.389155
0.153003 -0.482294 -0.862544 431.665908 0.092361 -0.862022 0.498386 -251.801207 -0.983900 -0.155920 -0.087347 554.306157
0.068746 -0.470458 -0.879741 414.217661 -0.068845 -0.881962 0.466266 -171.089741 -0.995256 0.028512 -0.093020 578.091927
0.158052 -0.357548 -0.920423 455.661412 -0.103904 -0.932987 0.344586 -270.921563 -0.981949 0.041173 -0.184611 580.545007
-0.068616 -0.362930 -0.929287 391.015607 -0.071485 -0.927299 0.367432 -240.145626 -0.995079 0.091642 0.037683 587.279857
0.099156 -0.555106 -0.825848 431.396680 0.063188 -0.824751 0.561955 -258.195938 -0.993064 -0.107905 -0.046703 630.970674
0.151465 -0.597362 -0.787539 407.839176 -0.064942 -0.801023 0.595100 -193.823753 -0.986327 -0.038992 -0.160121 627.756828
0.114745 -0.463204 -0.878792 445.605383 -0.150637 -0.882518 0.445500 -184.490231 -0.981907 0.081259 -0.171040 608.319158
0.015561 -0.513427 -0.857992 463.234619 0.137359 -0.848863 0.510456 -207.750712 -0.990399 -0.125796 0.057315 574.427881
0.088879 -0.384597 -0.918796 405.807792 0.177826 -0.901499 0.394559 -195.551522 -0.980040 -0.198454 -0.011733 555.317210
-0.027697 -0.587577 -0.808694 419.383043 0.047168 -0.808871 0.586091 -256.530247 -0.998503 -0.021911 0.050118 596.901880
0.055191 -0.329430 -0.942566 434.727398 -0.039092 -0.943994 0.327640 -222.129831 -0.997710 0.018764 -0.064978 598.509929
-0.029116 -0.426383 -0.904074 489.180869 0.112038 -0.900150 0.420924 -193.736151 -0.993277 -0.089035 0.073980 552.594475
0.153691 -0.407953 -0.899974 394.700444 -0.201462 -0.904601 0.375647 -221.283550 -0.967364 0.123577 -0.221216 602.626756
0.056075 -0.467228 -0.882357 413.161088 0.177415 -0.865020 0.469323 -230.189970 -0.982537 -0.182861 0.034388 633.159357
0.012675 -0.397751 -0.917406 474.797303 0.123717 -0.909806 0.396165 -188.566352 -0.992237 -0.118520 0.037677 575.131801
-0.095012 -0.374368 -0.922400 429.122271 -0.040224 -0.924391 0.379319 -174.424283 -0.994663 0.073143 0.072770 596.808962
0.018569 -0.584997 -0.810823 471.894213 0.033612 -0.810139 0.585273 -200.603366 -0.999262 -0.038122 0.004619 560.841906
0.119493 -0.588940 -0.799294 431.256398 0.103301 -0.793318 0.599980 -211.402307 -0.987446 -0.154261 -0.033958 549.677720
0.141640 -0.583724 -0.799503 399.565257 0.005485 -0.807170 0.590293 -229.551134 -0.989903 -0.087994 -0.111126 558.652282
