1614021795.399418 y 0.05545515 -0.09411304 -0.99401583 4.25119781 -0.05674974 -0.99423555 0.09096783 -56.01076508 -0.99684713 0.05136550 -0.06047637 -1639.87622070 0.080241 
1614021798.008711 y -0.11863158 0.17659412 -0.97710852 22.87579155 -0.05143748 -0.98382929 -0.17156370 -52.54809570 -0.99160513 0.02990713 0.12579678 -1692.04760742 0.187069 
1614021800.758626 y -0.07015636 -0.08730327 -0.99370832 -53.86289215 -0.19726408 -0.97527665 0.09961089 -66.43655396 -0.97783688 0.20301129 0.05120006 -1656.18115234 0.095131 
1614021803.524164 y -0.01696426 -0.03963128 -0.99907036 12.47368431 -0.16618087 -0.98520458 0.04190300 -32.79036331 -0.98594936 0.16673723 0.01012730 -1642.10424805 0.109519 
1614021806.570945 y -0.09968007 0.00906812 -0.99497822 -15.64103317 -0.13090547 -0.99138646 0.00407914 -45.65408325 -0.98637095 0.13065470 0.10000854 -1704.81738281 0.191097 
1614021809.367707 y 0.05894384 -0.10970116 -0.99221534 4.59614563 -0.06009037 -0.99253104 0.10616632 -39.89537811 -0.99645109 0.05336474 -0.06509557 -1683.92187500 0.120427 
1614021812.445738 y -0.08540693 0.14270943 -0.98607285 28.95649338 -0.15952858 -0.97887933 -0.12785107 -104.61351013 -0.98349189 0.14638743 0.10636931 -1636.67749023 0.057694 
1614021815.336296 y -0.08000571 -0.03561122 -0.99615808 -8.44215775 -0.19556375 -0.97937863 0.05071793 -57.19692230 -0.97742207 0.19887014 0.07139162 -1692.78369141 0.166005 
1614021818.554945 y 0.01608232 -0.03042632 -0.99940762 3.25372696 -0.32068234 -0.94689107 0.02366711 -106.39735413 -0.94705026 0.32011176 -0.02498539 -1593.38867188 0.117565 
1614021821.679848 y -0.21388003 -0.07575920 -0.97391780 -14.94097328 -0.29702349 -0.94474033 0.13871824 -126.47927856 -0.93060861 0.31894552 0.17955883 -1668.52270508 0.119022 
1614021825.132866 y -0.12532498 0.08071913 -0.98882661 -47.17810822 -0.08688626 -0.99374822 -0.07010882 -111.04896545 -0.98830381 0.07712906 0.13155485 -1622.20800781 0.104203 
1614021827.882780 y -0.00761997 0.00336291 -0.99996531 -56.40264130 -0.04134139 -0.99914044 -0.00304510 -78.30460358 -0.99911602 0.04131675 0.00775245 -1676.64050293 0.080578 
1614021830.617047 y -0.00151193 -0.08751496 -0.99616206 -34.69445801 -0.21231547 -0.97342370 0.08583959 -48.33598328 -0.97720001 0.21163040 -0.01710903 -1651.74035645 0.073003 
1614021833.054494 y -0.22506246 0.10831057 -0.96830559 10.61509705 -0.14102544 -0.98695855 -0.07761859 -52.11598969 -0.96408439 0.11908669 0.23740187 -1641.41857910 0.114571 
1614021836.038775 y -0.15841570 0.20177221 -0.96653631 20.87366104 -0.26955571 -0.95054996 -0.15425464 -73.19725037 -0.94986535 0.23609902 0.20497089 -1692.63562012 0.079030 
1614021838.851187 y -0.21907742 -0.00846443 -0.97567076 -16.81617737 -0.04988154 -0.99855760 0.01986340 -121.94000244 -0.97443159 0.05301958 0.21833920 -1642.24914551 0.069252 
1614021842.194833 n -0.10831479 -0.00058436 -0.99411647 -19.64557648 -0.31970354 -0.94685648 0.03539015 -83.29628754 -0.94130630 0.32165583 0.10237173 -1639.89099121 0.138008 
1614021845.304111 n -0.10831479 -0.00058436 -0.99411647 -19.64557648 -0.31970354 -0.94685648 0.03539015 -83.29628754 -0.94130630 0.32165583 0.10237173 -1639.89099121 0.138008 
1614021848.429013 y 0.05040292 -0.12119194 -0.99134861 -35.37336731 -0.28013372 -0.95447931 0.10244191 -107.98278046 -0.95863687 0.27254680 -0.08205849 -1665.82934570 0.077827 
1614021851.491417 y -0.20509552 0.17309939 -0.96331326 -51.93425751 -0.19061035 -0.97245504 -0.13415993 -96.06919861 -0.96000183 0.15610187 0.23244071 -1654.93908691 0.078434 
1614021854.210083 y -0.20765610 0.12484965 -0.97020179 10.31847000 -0.26712824 -0.96136115 -0.06653750 -27.88045120 -0.94102149 0.24535138 0.23298337 -1641.00756836 0.178962 
1614021856.975622 y -0.23780475 -0.05804094 -0.96957730 -23.51110077 -0.28635538 -0.94965825 0.12708190 -50.91262817 -0.92814304 0.30786435 0.20921291 -1679.06750488 0.131799 
1614021860.084899 y -0.17188316 0.00927988 -0.98507363 22.14059067 -0.05769084 -0.99833428 0.00066154 -45.77672577 -0.98342663 0.05694343 0.17213222 -1640.32153320 0.111776 
1614021862.412954 y -0.13356270 0.12138175 -0.98357891 29.88463783 -0.04012837 -0.99231954 -0.11701128 -75.65305328 -0.99022761 0.02384107 0.13740773 -1666.52526855 0.122174 
1614021864.694131 y -0.06161770 0.05461848 -0.99660427 15.43847847 -0.04840255 -0.99749032 -0.05167443 -111.53545380 -0.99692550 0.04505413 0.06410673 -1675.06921387 0.085245 
